  -762.0176008080
  -762.0174077650
  -762.0168093700
  -762.0158593400
  -762.0147193130
  -762.0136539520
  -762.0130243830
  -762.0131289890
  -762.0138721050
  -762.0149144330
  -762.0159646950
  -762.0168169400
  -762.0173461510
  -762.0175046300
  -762.0173615190
  -762.0171595460
  -762.0172074740
  -762.0174279920
  -762.0174936650
  -762.0172197870
  -762.0165801820
  -762.0156487150
  -762.0145753160
  -762.0135896820
  -762.0130133390
  -762.0131507570
  -762.0139589070
  -762.0150829340
  -762.0161872460
  -762.0170395590
  -762.0175114760
  -762.0175855500
  -762.0173746680
  -762.0171454950
  -762.0171975990
  -762.0174583700
  -762.0176012390
