   0.0079329
   0.0894821
  -0.0575002
  -0.0473065
   0.0719268
   0.0412332
  -0.0530341
  -0.0529535
   0.0458116
   0.0269200
  -0.0855063
   0.0485903
   0.0169140
   0.0117795
  -0.0964753
   0.0555472
   0.2050940
  -0.1530197
  -0.0647092
   0.1063098
   0.0329149
  -0.0809851
  -0.1004053
   0.0349732
   0.0799029
  -0.0103317
  -0.0856467
  -0.0152527
   0.1549165
  -0.0541680
  -0.0663136
   0.0561262
   0.0174712
  -0.0749731
   0.0168919
   0.0764997
  -0.0986564
