-761.82316771
-761.82303867
-761.82257933
-761.82180688
-761.82090396
-761.82010727
-761.81966349
-761.81976189
-761.82031758
-761.82114227
-761.82200936
-761.82272972
-761.82316690
-761.82327896
-761.82313601
-761.82294079
-761.82299092
-761.82321109
-761.82328755
-761.82306064
-761.82252008
-761.82173957
-761.82086302
-761.82009550
-761.81966802
-761.81975237
-761.82032889
-761.82119246
-761.82207503
-761.82276618
-761.82311661
-761.82313932
-761.82294670
-761.82273980
-761.82278335
-761.82301092
-761.82315733
